-0.121966 0.218959
-1.08682 0.678865
0.0332695 0.0345721
0.744836 0.5297
0.462532 0.526929
0.200699 0.653919
1.02096 0.0474645
0.783408 0.328234
-0.687155 0.98255
1.30842 0.753356
-0.935842 0.274907
-2.67237 0.166507
-2.01529 0.493977
0.0503679 0.0907329
-0.18468 0.913817
-0.679454 0.464446
0.376912 0.629543
-0.749272 0.725412
-0.335232 0.513274
0.672569 0.845982
-0.285115 0.467917
1.15087 0.178328
-0.470959 0.49848
0.0722706 0.748293
-0.405608 0.274588
-0.315257 0.414293
-0.988121 0.31754
0.797139 0.652059
-0.971749 0.147533
1.56957 0.845576
1.41817 0.488515
-1.99364 0.961095
0.515601 0.651254
-1.19754 0.803073
-1.43572 0.901673
-0.114027 0.142021
0.941005 0.162199
-0.218842 0.365339
-0.134846 0.4523
-1.10094 0.931674
0.0958485 0.86086
-0.0667439 0.505956
-0.15785 0.632739
1.32769 0.824697
0.132609 0.289316
0.0590086 0.514435
0.990603 0.729748
-0.226159 0.715642
-0.741903 0.488943
0.0426356 0.682049
0.775815 0.439726
-2.85657 0.80665
-0.49468 0.61635
-0.411974 0.000878999
-0.580189 0.680562
1.6031 0.83642
-1.24121 0.388823
0.561441 0.947545
-0.925458 0.783865
-0.988967 0.282156
-0.383384 0.17688
1.20344 0.157731
-0.449441 0.634717
-0.273967 0.79477
0.697497 0.598217
1.32223 0.318778
0.0701917 0.587989
-1.02792 0.702989
0.157694 0.556836
-0.148101 0.316007
2.47052 0.430848
0.800382 0.370226
-2.13356 0.0782632
-1.01066 0.253922
1.17403 0.944753
0.905076 0.940163
2.03893 0.60564
-0.499965 0.150394
0.310326 0.0149506
-2.12505 0.642979
-0.15434 0.0220837
1.19979 0.70695
1.57041 0.695679
-0.395309 0.753863
0.246996 0.00634169
0.403819 0.518478
-1.46997 0.626861
0.227719 0.70932
-0.828201 0.310169
-1.4206 0.103797
-0.496046 0.477804
-0.830237 0.519988
0.254104 0.577776
-0.266293 0.331175
-0.0107926 0.738959
-0.490853 0.536267
-0.184951 0.614126
-0.223973 0.125933
-0.495083 0.897914
-1.57681 0.760617
1.98181 0.209562
-0.576553 0.546975
-0.264061 0.687414
-1.25658 0.836207
-0.754735 0.769114
0.813921 0.749252
-0.119264 0.221667
0.0467312 0.652622
-1.30538 0.165928
-0.630046 0.159758
0.403917 0.621046
0.145677 0.0179445
-0.10097 0.519175
0.0501953 0.0653563
-0.721057 0.939725
0.53379 0.254957
-0.270716 0.327228
-0.81318 0.576776
0.798906 0.935242
1.03265 0.362084
-1.57762 0.421579
-0.273073 0.289766
0.144427 0.863643
-1.49281 0.711564
-0.767222 0.795353
-2.2343 0.00322878
-1.04089 0.134039
0.547373 0.946045
-1.63431 0.509658
1.13593 0.834338
1.1216 0.0414204
-1.4519 0.767065
-1.51859 0.0889927
0.104885 0.706461
-0.719342 0.232608
-1.40884 0.469498
0.082862 0.329579
-0.423737 0.536528
0.427298 0.867514
-0.0882389 0.14839
0.591976 0.815407
0.191229 0.572807
-0.708972 0.022405
-0.274806 0.856876
1.19924 0.191984
1.0546 0.345872
-0.378369 0.586016
-0.488403 0.0263397
-0.120966 0.925503
0.0750807 0.430446
0.35527 0.519337
1.15789 0.161419
1.05139 0.667049
2.4877 0.548736
0.787009 0.441313
1.84668 0.502275
0.0238647 0.0350595
-0.506578 0.107181
2.1489 0.77203
1.00239 0.486681
-0.128412 0.71045
1.92362 0.276647
0.247507 0.235403
-1.78507 0.597476
0.316951 0.651515
-0.213984 0.935936
0.37317 0.107739
-0.694931 0.0998656
1.22046 0.330758
-0.736306 0.573183
1.40552 0.15958
-0.0376108 0.149251
-1.20529 0.651295
-1.89677 0.0601425
-1.78378 0.586862
0.177854 0.811895
0.119519 0.880784
0.658296 0.189549
-0.359927 0.87906
0.184475 0.0898531
1.75934 0.813047
-0.837946 0.76936
-0.0327991 0.377485
0.961293 0.687578
-0.0429193 0.238019
-0.812306 0.975881
-1.07327 0.794278
1.41334 0.073511
-0.0787302 0.932843
-3.70531 0.146196
-0.166518 0.96316
-0.761074 0.19808
0.331002 0.585675
-1.32827 0.368203
-1.07801 0.995401
0.307346 0.40274
-0.448975 0.479779
1.14083 0.646495
-0.551673 0.334307
1.15908 0.144897
-1.23969 0.602249
1.11629 0.92083
-1.72654 0.833648
0.12101 0.634619
-1.20143 0.665973
-0.146472 0.794881
-0.993965 0.719155
-1.17103 0.231895
-0.657171 0.566183
-0.195294 0.422552
-0.940773 0.589419
-1.36656 0.463059
1.02966 0.104579
0.271225 0.833378
0.105537 0.719795
-1.39658 0.837082
1.2266 0.534876
1.3712 0.323429
-1.70342 0.117238
-0.439559 0.836375
0.435995 0.92989
-2.02586 0.243229
-1.46257 0.196178
0.559088 0.835997
1.50773 0.871284
1.08254 0.115607
-0.502792 0.0322694
1.94761 0.855082
-0.477283 0.279493
0.175088 0.17642
0.207691 0.690932
0.876221 0.56934
-1.37773 0.272443
-0.303993 0.2443
0.561505 0.21741
-0.0280466 0.782475
0.0837821 0.129043
0.525126 0.501854
-1.03941 0.668904
0.0137797 0.386707
0.969769 0.105562
0.411818 0.360967
0.604396 0.157154
1.63625 0.16911
0.748814 0.341848
0.331972 0.699639
-0.672981 0.169961
0.902279 0.0731837
-0.676586 0.773202
0.504657 0.433928
-0.14384 0.79278
0.264229 0.213916
0.658692 0.616563
-0.183488 0.356334
0.581263 0.0182512
-0.603143 0.114529
-1.17711 0.331292
1.54792 0.914368
1.14513 0.129609
-0.368004 0.94207
0.921724 0.844201
-1.89675 0.817317
-1.94045 0.919119
-0.831333 0.74458
0.540069 0.314608
1.33221 0.125922
-0.266475 0.234676
1.62484 0.683946
-0.390263 0.599194
-0.513867 0.0537268
0.498673 0.227762
-1.45521 0.447814
0.023597 0.859511
0.756922 0.609468
1.49112 0.0260003
1.28061 0.207749
-1.01442 0.137716
0.161331 0.5426
-0.297845 0.299211
0.837997 0.913002
1.84786 0.468209
-0.488628 0.401555
1.5242 0.899267
-2.84052 0.136994
-0.806152 0.0312551
1.68064 0.192647
-0.638961 0.722293
-1.57431 0.632939
-2.01081 0.138002
-0.0863565 0.386913
-1.12655 0.542825
-0.562219 0.201617
2.44942 0.79845
0.311994 0.146671
2.61002 0.678709
0.866686 0.844641
1.192 0.402784
-0.820112 0.555453
1.49951 0.0396633
1.50708 0.343489
-0.283277 0.730373
-1.22234 0.365644
-0.160596 0.325262
-0.811269 0.563984
-0.707411 0.110132
0.0512514 0.549515
1.18339 0.664346
0.168465 0.973193
-0.496406 0.597956
-0.78047 0.062886
-0.0307732 0.430824
0.0635045 0.198631
0.763023 0.683365
1.14492 0.168483
0.523952 0.517482
-1.00213 0.466967
-0.119209 0.652046
-0.882695 0.88235
0.14949 0.245494
-0.95592 0.0300402
0.121871 0.487048
0.993331 0.936609
1.59728 0.172459
0.308353 0.380426
-0.296876 0.839556
0.464326 0.708479
-0.892868 0.78213
0.0574894 0.307859
0.716115 0.154232
1.26439 0.455199
-0.311196 0.167285
-1.15514 0.985431
-1.18965 0.32215
-1.35915 0.641376
-1.67634 0.658614
-0.0601845 0.00166435
-0.845177 0.549228
-0.807186 0.851649
0.902916 0.759697
0.129397 0.99829
1.3761 0.766313
-0.700376 0.641665
-0.181066 0.9754
0.37367 0.830669
0.584977 0.0323388
-0.684607 0.375437
0.399974 0.549478
-1.26597 0.776984
0.647533 0.994661
0.351818 0.499773
0.831905 0.171227
1.08944 0.282828
-0.194671 0.902494
0.794315 0.548365
-0.872199 0.335606
-0.782001 0.452883
1.01428 0.541796
0.530975 0.746284
-0.524398 0.70228
1.45481 0.661177
-0.952084 0.954292
-1.07231 0.902304
-0.0699807 0.796038
0.36858 0.602006
-1.45957 0.559109
-1.56063 0.69903
-1.64571 0.16162
0.467157 0.80831
0.533665 0.0728548
-1.11063 0.378955
-1.50452 0.353126
-0.0357646 0.892149
0.33448 0.576638
-0.0422113 0.143244
-0.84984 0.172927
-0.000335605 0.374622
-0.501511 0.791156
-0.660574 0.250746
0.882527 0.351869
2.87512 0.41221
0.134814 0.400523
0.816537 0.806355
-0.521476 0.984922
0.889166 0.332869
0.243842 0.204153
-0.560563 0.163937
0.318554 0.0907455
-0.25919 0.247026
1.10421 0.596703
0.0512201 0.986729
0.542036 0.627998
0.938516 0.396655
-0.718354 0.813622
-2.5822 0.294793
-2.58697 0.464033
-0.938867 0.658065
1.90091 0.652465
0.706576 0.279692
-0.694608 0.738162
-0.804582 0.47319
-0.136293 0.68391
0.231246 0.473922
1.26484 0.973102
0.0241217 0.148704
1.37983 0.454478
-0.527791 0.636321
-0.876052 0.180408
0.930405 0.787707
1.11485 0.228601
-0.416564 0.861429
-0.501854 0.403707
1.52062 0.362057
0.534131 0.965837
-0.488727 0.416839
-0.604218 0.60336
1.60103 0.98743
-1.11627 0.680744
0.754307 0.145993
-0.711469 0.202964
0.164862 0.732599
0.534448 0.218624
-0.448398 0.270701
0.397684 0.457732
1.0875 0.725235
-0.885301 0.435772
-0.19401 0.242478
0.72531 0.0789411
2.14216 0.0482647
-2.07547 0.853798
-0.381181 0.278563
0.719389 0.181981
0.394935 0.530931
-0.918377 0.237746
0.781729 0.8223
-2.21557 0.165043
-0.188083 0.310328
1.188 0.211342
0.330841 0.582117
-0.47313 0.368609
-0.847914 0.034971
-0.828221 0.565461
0.474125 0.688987
-1.22966 0.0124615
-0.149649 0.805494
1.95104 0.728453
1.63737 0.510826
2.52071 0.725622
-0.746459 0.345189
-1.15576 0.0346696
-0.311168 0.171729
0.961825 0.441389
-0.480466 0.0590458
-1.17652 0.688851
0.583125 0.36702
0.185589 0.540555
-0.222941 0.732887
1.79787 0.720948
0.431885 0.705298
-1.17734 0.30414
-0.439391 0.700235
-1.33122 0.234011
-0.0404227 0.527689
1.26821 0.596737
-1.16983 0.820933
-0.508017 0.782175
-0.284431 0.797382
0.0209286 0.311988
-0.0796676 0.320619
0.588912 0.129753
0.780779 0.316178
0.925075 0.376962
0.284037 0.803795
-0.537871 0.591894
0.182034 0.331282
-0.662543 0.714764
-0.484174 0.0719813
-0.573886 0.192756
-0.687683 0.344397
0.550392 0.786237
0.208116 0.65124
-0.569921 0.0242924
-0.748369 0.483723
-0.25244 0.22577
0.302513 0.817946
-1.32383 0.893645
0.182586 0.279475
1.34588 0.0431582
-1.03247 0.244023
-1.90333 0.289279
0.903424 0.320744
0.516871 0.795015
0.193501 0.307525
-0.419798 0.195004
-0.168649 0.515876
2.22739 0.981289
0.856846 0.643222
-0.469712 0.928788
-0.441635 0.397386
0.55471 0.824259
-0.559789 0.570929
0.803724 0.506807
1.22859 0.175787
-0.332248 0.958915
-1.69887 0.174194
2.52049 0.743142
0.411942 0.34589
0.141514 0.380101
-0.190259 0.139837
0.620159 0.587647
1.66215 0.995334
-0.172838 0.238461
-0.606205 0.982881
0.355575 0.655652
-0.91832 0.351099
-0.9209 0.12307
-0.0377783 0.12045
-0.225583 0.257837
-1.05272 0.569928
-0.392039 0.600612
-0.354947 0.0971637
0.636062 0.931294
-0.239011 0.245458
0.381094 0.811845
1.31797 0.516441
-1.14162 0.19445
1.55619 0.559622
-1.04928 0.117474
0.897015 0.0511765
-0.922065 0.508137
-0.732452 0.299237
0.544505 0.226136
0.935784 0.163039
-0.503165 0.12716
0.239746 0.23412
-0.359385 0.201087
0.9785 0.689656
-0.675286 0.876697
-0.565401 0.054297
-0.961702 0.162713
-0.527889 0.985789
0.538522 0.777723
0.176898 0.442821
-0.371727 0.366313
-0.860563 0.725349
0.482127 0.420443
0.359831 0.655235
-0.495303 0.769784
2.28972 0.263746
0.134698 0.302735
-0.839382 0.141636
0.95643 0.0645333
0.832877 0.69111
-0.0310473 0.414182
-0.438486 0.213207
-0.397065 0.81746
0.422909 0.467173
-1.62098 0.910829
-0.982414 0.510776
-3.74916 0.275718
1.22454 0.903613
-1.89948 0.366519
0.343049 0.96046
0.938794 0.516957
1.78951 0.37191
-0.595812 0.100432
0.050334 0.580275
1.10521 0.634231
0.495276 0.167929
0.824905 0.739727
1.18301 0.931529
-0.172718 0.175809
-0.552804 0.264646
-0.815499 0.699477
2.71628 0.813381
-1.65918 0.80363
0.861671 0.227608
-0.831723 0.645802
-0.651835 0.586794
-1.41017 0.953473
-0.348881 0.353631
-0.346531 0.136822
-0.454552 0.682496
-0.966394 0.997153
0.882998 0.196651
-1.53273 0.35863
1.23262 0.146443
1.12698 0.953591
0.0648536 0.860072
-0.255851 0.0167438
0.776248 0.327499
0.714366 0.872381
0.137896 0.916494
0.356433 0.866559
-0.99402 0.610937
-2.23514 0.549947
0.468999 0.296111
-1.28618 0.771319
0.318946 0.548482
1.49846 0.0292358
-0.0789001 0.858116
-0.883433 0.239789
1.21345 0.812004
-0.703785 0.0660737
-0.637085 0.981169
-2.22332 0.276647
0.450349 0.451776
0.759238 0.445769
-0.00664025 0.270346
0.360336 0.00197179
-1.77645 0.03166
-1.05495 0.610731
0.347137 0.382257
1.70378 0.142256
-0.349065 0.107314
-0.455488 0.232868
0.105613 0.16727
-0.0269413 0.683257
-0.764483 0.141342
-0.168716 0.248754
0.255063 0.219152
-1.19116 0.0913529
0.66421 0.00790594
0.418323 0.257662
0.791443 0.947171
-0.879762 0.901877
-0.63945 0.61052
0.294548 0.865903
0.809329 0.0942017
0.0585913 0.485735
1.13628 0.00548941
0.198451 0.975457
-1.23604 0.690166
-1.11087 0.420896
0.92031 0.234315
-0.898433 0.430754
-0.177305 0.461433
1.31305 0.4226
0.674977 0.566197
1.98407 0.475158
-1.29326 0.231401
0.413612 0.425526
0.0127942 0.669812
0.591673 0.194742
-0.635167 0.145493
-0.0919791 0.764767
1.75398 0.0281228
-0.77157 0.778219
0.310153 0.444013
0.302636 0.834945
-1.11365 0.602232
-0.0576086 0.700175
-1.4251 0.409071
0.108581 0.486288
0.781341 0.532563
-1.13225 0.718541
0.309786 0.406977
1.09971 0.314604
-0.474547 0.333783
-1.29267 0.153205
1.44413 0.0466009
1.24407 0.416742
1.9805 0.633235
-1.05319 0.831407
0.812823 0.64586
-0.88187 0.965072
1.22588 0.591994
0.049849 0.2902
-0.43843 0.497498
-0.434464 0.00564456
1.5422 0.452756
1.8894 0.551991
-0.664879 0.407436
-1.88767 0.863532
-0.0399675 0.333977
0.60441 0.995458
0.446097 0.346509
0.280572 0.0893411
-1.52826 0.19875
-0.00952255 0.362681
0.778026 0.755422
-0.592556 0.552801
1.87981 0.72093
0.98709 0.858579
0.692034 0.790095
0.389506 0.511728
-3.17332 0.0169739
0.69544 0.778927
-0.105164 0.494322
0.0819077 0.0790307
1.87112 0.367183
-1.11125 0.0959763
-0.435785 0.955034
1.52289 0.197273
-1.52193 0.454107
1.29963 0.0975465
-0.65868 0.692031
-0.599604 0.811201
-0.518811 0.246148
-1.62383 0.446475
0.46816 0.0529167
0.226821 0.975788
0.718094 0.353456
1.37181 0.257012
0.713024 0.485276
-0.0267777 0.295524
-1.15957 0.967996
1.67315 0.775146
0.548311 0.731582
1.25926 0.524389
-0.358425 0.587103
-0.90045 0.741339
0.930851 0.425502
-1.14469 0.249164
0.994984 0.661595
-0.0144361 0.125038
-0.390072 0.404797
-2.0796 0.0500983
-0.221884 0.400283
-1.26922 0.426834
1.93824 0.0993327
2.62013 0.0814141
-0.91071 0.380451
-1.15605 0.0596544
0.513767 0.591948
0.0772371 0.795447
0.0944926 0.142941
-0.68385 0.608748
-1.02714 0.970521
0.298058 0.221052
0.441227 0.416761
-0.141632 0.781586
-0.929686 0.774786
-0.776529 0.267695
0.112681 0.578984
0.684805 0.762175
0.230819 0.509753
0.0710135 0.910738
0.59367 0.411858
1.69312 0.791614
-0.327164 0.621247
1.89315 0.749331
0.514099 0.597392
-0.493229 0.900852
0.55081 0.305808
-0.400524 0.140787
-1.99979 0.820126
0.650054 0.788704
-0.39047 0.234234
0.789843 0.978456
0.130059 0.814702
1.08842 0.565806
0.427588 0.780092
2.26143 0.0632955
0.452003 0.411825
-1.17649 0.509509
1.38509 0.62658
-0.0920421 0.0482018
0.608183 0.713588
0.33066 0.452174
-0.419576 0.21142
1.38389 0.163418
-0.199058 0.992865
-1.59652 0.208449
-1.11883 0.81333
-1.71002 0.363617
-0.507629 0.512893
0.97446 0.535161
-0.464302 0.384958
0.414982 0.89988
-1.6666 0.900944
0.698937 0.831387
-0.583914 0.431661
-0.835305 0.588182
0.713372 0.867864
-0.545397 0.179788
1.8924 0.569453
-1.39041 0.425763
-2.43233 0.335346
0.697645 0.730003
-0.191796 0.553519
-0.272127 0.865555
0.324175 0.225192
0.092713 0.280889
0.825924 0.796292
-0.963983 0.932158
-0.715077 0.034999
2.367 0.46299
0.811958 0.558232
-0.290199 0.567101
1.50238 0.29403
0.0554095 0.838745
-0.697641 0.552079
0.567504 0.828432
-0.342911 0.601171
0.0182228 0.277907
1.03357 0.770617
-0.483553 0.698386
-1.06241 0.99523
-1.0092 0.386767
0.282256 0.216716
0.289079 0.908209
0.255693 0.325281
0.0850113 0.698223
-0.231576 0.991102
0.773471 0.0846605
-0.420251 0.466669
-0.00206563 0.673037
0.423694 0.401748
0.430383 0.534952
-0.534703 0.237807
0.00166605 0.0444766
-0.75534 0.448233
0.408263 0.523019
-1.16604 0.668077
1.8359 0.883197
0.336171 0.90501
0.643486 0.546813
-0.241888 0.994419
-0.791617 0.851921
1.0272 0.21216
0.426884 0.450696
-0.975695 0.725026
-0.202068 0.832153
-1.73279 0.949451
1.6897 0.107076
1.65527 0.684852
0.600679 0.737805
0.416086 0.275877
-2.04648 0.368784
-0.149611 0.574331
-0.359728 0.256468
1.25276 0.659755
-0.0423716 0.849083
-0.769629 0.358674
1.66678 0.872976
-1.5926 0.0622184
0.344768 0.1781
-0.411794 0.60611
0.328539 0.085252
0.613275 0.755784
-0.142879 0.417558
0.528121 0.428152
-0.0652897 0.110995
-0.604091 0.769987
0.111038 0.64159
1.49131 0.574007
1.74986 0.014469
-0.195279 0.100882
-0.178146 0.0516147
-0.11619 0.18513
-1.37355 0.169709
-1.23615 0.980367
-1.52575 0.320691
-0.169119 0.761727
0.241384 0.391523
1.55913 0.990208
0.422384 0.254077
-1.55803 0.632843
-1.29906 0.821438
-0.0884313 0.705099
-1.08856 0.399252
0.244829 0.954534
-1.00657 0.995526
-1.32893 0.603974
0.668035 0.750192
1.08352 0.246729
0.662654 0.610991
0.0223713 0.0443993
0.595864 0.485273
0.869596 0.369876
0.672029 0.172002
-0.436968 0.730678
0.489743 0.103718
-0.294126 0.367192
0.506155 0.962926
0.740108 0.710977
0.617955 0.27392
0.150274 0.103254
-1.7297 0.126258
0.629386 0.412172
-0.22113 0.287302
-1.16303 0.168553
-0.941481 0.194513
0.0589912 0.0470327
-0.869195 0.773571
0.541473 0.747022
-1.46994 0.102653
-1.30858 0.110343
-1.26765 0.289607
-0.52344 0.240539
-0.776625 0.547478
0.02371 0.934867
0.888272 0.606855
-0.550656 0.37223
0.719336 0.831034
-0.806152 0.716833
0.218496 0.0189675
0.842006 0.461016
0.74301 0.790831
-0.0032339 0.0697546
0.603759 0.674899
-0.317411 0.345987
-1.23688 0.773447
0.183777 0.351501
0.403795 0.279149
-1.05525 0.991817
0.0203079 0.815288
0.569714 0.854029
-0.516823 0.448649
-0.17365 0.537966
-1.73654 0.395466
0.728878 0.303747
1.6618 0.844506
-0.662936 0.622166
-1.91078 0.953387
1.36461 0.417817
-0.608151 0.263467
0.605967 0.488013
0.0194618 0.746899
0.238894 0.512547
0.718836 0.381637
-0.590558 0.20057
2.82211 0.654077
-0.927733 0.151073
1.50024 0.0975062
0.135245 0.208892
-0.651389 0.947495
-0.486481 0.93944
-0.474509 0.0875512
1.66712 0.953985
0.771508 0.995481
-0.227288 0.555297
-0.448488 0.995981
-1.39424 0.0530516
0.437946 0.801883
-0.320687 0.14901
0.666477 0.401285
-0.0209614 0.375099
-0.279671 0.598041
-2.47311 0.179254
0.598192 0.39264
0.669607 0.367594
0.657055 0.0870202
0.19316 0.764297
-0.933031 0.564537
0.29606 0.333646
-0.702962 0.799586
-0.745268 0.667558
-0.748088 0.0555241
0.66282 0.238571
1.5131 0.432665
-0.0269548 0.906617
1.41543 0.0350208
-0.155384 0.293181
0.842491 0.703311
0.849307 0.490762
-2.80195 0.312672
0.525227 0.0877835
1.15555 0.206065
0.40108 0.673403
-0.82961 0.0790915
-0.286373 0.703097
-0.693408 0.92957
-0.224703 0.0880791
-0.423564 0.978219
-0.199441 0.69096
-1.04028 0.425465
0.744291 0.578737
-1.58596 0.393421
1.15718 0.209813
-0.536444 0.735437
0.298596 0.451841
-0.193956 0.539494
0.744113 0.571228
1.76039 0.557066
0.275969 0.457543
0.916779 0.249158
-0.998654 0.713267
0.591634 0.095792
0.976017 0.984673
-0.469871 0.956831
0.160132 0.140634
-1.40082 0.335415
-2.3659 0.380416
0.227346 0.385636
1.11525 0.543398
-0.152675 0.876861
-0.524535 0.320095
1.31116 0.447321
-0.484539 0.399721
-1.12124 0.842897
-0.989598 0.0305042
-0.246339 0.989081
-0.50748 0.106438
1.27182 0.860552
0.375462 0.544071
0.624149 0.82423
0.258559 0.0867977
-1.33171 0.870323
-0.0773984 0.0842173
